Star 22 orange 1.6e+30 -138.0 0.0 0
Planet 4 green 5e+24 1 -2.579999999999998 0 0 280.0
Satellite 2 white 1e+22 8.599999999999985 1 1
Planet 4 green 5e+24 2 2.579999999999998 1 0 290.0
Planet 4 green 5e+24 3 -2.579999999999998 0 0 300.0
Satellite 2 white 1e+22 8.599999999999985 1 4
Planet 4 green 5e+24 4 2.579999999999998 1 0 310.0
Planet 4 green 5e+24 5 -2.579999999999998 0 0 320.0
Satellite 2 white 1e+22 8.599999999999985 1 7
Planet 4 green 5e+24 6 2.579999999999998 1 0 330.0
Planet 4 green 5e+24 7 -2.579999999999998 0 0 340.0
Satellite 2 white 1e+22 8.599999999999985 1 10
Planet 4 green 5e+24 8 2.579999999999998 1 0 350.0
Planet 4 green 5e+24 9 -2.579999999999998 0 0 360.0
Satellite 2 white 1e+22 8.599999999999985 1 13
Planet 4 green 5e+24 10 2.579999999999998 1 0 370.0
Planet 4 green 5e+24 11 -2.579999999999998 0 0 380.0
Satellite 2 white 1e+22 8.599999999999985 1 16
Planet 4 green 5e+24 12 2.579999999999998 1 0 390.0
Planet 4 green 5e+24 13 -2.579999999999998 0 0 400.0
Satellite 2 white 1e+22 8.599999999999985 1 19
Planet 4 green 5e+24 14 2.579999999999998 1 0 410.0
Planet 4 green 5e+24 15 -2.579999999999998 0 0 420.0
Satellite 2 white 1e+22 8.599999999999985 1 22
Planet 4 green 5e+24 16 2.579999999999998 1 0 430.0
Planet 4 green 5e+24 17 -2.579999999999998 0 0 440.0
Satellite 2 white 1e+22 8.599999999999985 1 25
Planet 4 green 5e+24 18 2.579999999999998 1 0 450.0
Planet 4 green 5e+24 19 -2.579999999999998 0 0 460.0
Satellite 2 white 1e+22 8.599999999999985 1 28
Planet 4 green 5e+24 20 2.579999999999998 1 0 470.0
Star 16 yellow 1e+30 70.0 -120.0 31
Planet 4 green 5e+24 1 -2.579999999999998 0 31 280.0
Planet 4 green 5e+24 2 2.579999999999998 1 31 290.0
Planet 4 green 5e+24 3 -2.579999999999998 0 31 300.0
Planet 4 green 5e+24 4 2.579999999999998 1 31 310.0
Planet 4 green 5e+24 5 -2.579999999999998 0 31 320.0
Planet 4 green 5e+24 6 2.579999999999998 1 31 330.0
Planet 4 green 5e+24 7 -2.579999999999998 0 31 340.0
Planet 4 green 5e+24 8 2.579999999999998 1 31 350.0
Planet 4 green 5e+24 9 -2.579999999999998 0 31 360.0
Planet 4 green 5e+24 10 2.579999999999998 1 31 370.0
Star 16 red 1e+30 70.0 120.0 42
Planet 4 green 5e+24 1 -2.579999999999998 0 42 280.0
Planet 4 green 5e+24 2 2.579999999999998 1 42 290.0
Planet 4 green 5e+24 3 -2.579999999999998 0 42 300.0
Planet 4 green 5e+24 4 2.579999999999998 1 42 310.0
Planet 4 green 5e+24 5 -2.579999999999998 0 42 320.0
Planet 4 green 5e+24 6 2.579999999999998 1 42 330.0
Planet 4 green 5e+24 7 -2.579999999999998 0 42 340.0
Planet 4 green 5e+24 8 2.579999999999998 1 42 350.0
Planet 4 green 5e+24 9 -2.579999999999998 0 42 360.0
Planet 4 green 5e+24 10 2.579999999999998 1 42 370.0
